       1
       1
       1
       1
       1
       1
       1
       1
       1
       1
       1
       1
       1
       1
       1
       1
       1
       1
       1
       1
       1
       1
       1
       1
       1
       1
       1
       1
       1
       1
       1
       1
       1
       1
       1
       1
       1
       1
       1
       1
       1
       1
       1
       1
       1
       1
       1
       1
       1
       1
       1
       1
       1
       1
       1
       1
       1
       1
       1
       1
       1
       1
       1
       1
       1
       1
       1
       1
       1
       1
       1
       1
       1
       1
       1
       1
       1
       1
       1
       1
       1
       1
       1
       1
       1
       1
       1
       1
       1
       1
       1
       1
       1
       1
       1
       1
       1
       1
       1
       1
       1
       1
       1
       1
       1
       1
       1
       1
       1
       1
       1
       1
       1
       1
       1
       1
       1
       1
       1
       1
       1
       1
       1
       1
       1
       1
       1
       1
       1
       1
       1
       1
       1
       1
       1
       1
       1
       1
       1
       1
       1
       1
       1
       1
       1
       1
       1
       1
       1
       1
       1
       1
       1
       1
       1
       1
       1
       1
       1
       1
       1
       1
       1
       1
       1
       1
       1
       1
       1
       1
       1
       1
       1
       1
       1
       1
       1
       1
       1
       1
       1
       1
       1
       1
       1
       1
       1
       1
       1
       1
       1
       1
       1
       1
       1
       1
       1
       1
       1
       1
       1
       1
       1
       1
       1
       1
       1
       1
       1
       1
       1
       1
       1
       1
       1
       1
       1
       1
       1
       1
       1
       1
       1
       1
       1
       1
       1
       1
       1
       1
       1
       1
       1
       1
       1
       1
       1
       1
       1
       1
       1
       1
       1
       1
       1
       1
       1
       1
       1
       1
       1
       1
       1
       1
       1
       1
       1
       1
       1
       1
       1
       1
       1
       1
       1
       1
       1
       1
       1
       1
       1
       1
       1
       1
       1
       1
       1
       1
       1
       1
       1
       1
       1
       1
       1
       1
       1
       1
       1
       1
       1
       1
       1
       1
       1
       1
       1
       1
       1
       1
       1
       1
       1
       1
       1
       1
       1
       2
       2
       2
       2
       2
       2
       2
       2
       2
       2
       2
       2
       2
       2
       2
       2
       2
       2
       2
       2
       2
       2
       2
       2
       3
       3
       3
       3
       4
       4
       4
       4
       4
       4
       4
       4
       4
       4
       5
       5
       5
       5
       5
       5
       6
       6
       6
       6
       6
       7
       7
       7
       7
       7
       7
       8
       8
       9
       9
       9
       9
       9
      10
      10
      10
      10
      10
      11
      11
      13
      13
      15
      15
      16
      16
      18
      19
      20
      20
      20
      21
      21
      21
      22
      24
      25
      25
      25
      25
      25
      25
      25
      25
      28
      29
      33
      34
      38
      38
      39
      42
      43
      44
      48
      49
      49
      49
      50
      50
      50
      50
      50
      52
      52
      59
      60
      60
      62
      62
      65
      68
      70
      74
      74
      75
      77
      80
      83
      85
      85
      85
      87
      91
      93
      95
      96
      98
      99
     100
     100
     100
     100
     100
     101
     112
     115
     125
     131
     150
     160
     184
     189
     192
     193
     196
     199
     200
     200
     204
     225
     255
     272
     281
     286
     296
     298
     300
     300
     316
     398
     409
     416
     421
     444
     458
     462
     492
     499
     500
     500
     500
     500
     500
     500
     500
